%YAML:1.0
---
K: !!opencv-matrix
   rows: 3
   cols: 3
   dt: d
   data: [ 908.96400147212069, 0., 489.76466646085322, 0.,
       916.42097545253569, 328.04404488712657, 0., 0., 1. ]
D: !!opencv-matrix
   rows: 1
   cols: 5
   dt: d
   data: [ 0.012670324449382639, -0.20718905434113782,
       0.0025458122597799239, 0.00016318872355723318, 1.0193759102445512 ]
